1.0	1.7666666666666666
1.0	1.8
1.0	1.8333333333333333
1.0	6.733333333333333
1.0	6.966666666666667
1.0	7.033333333333333
1.0	7.466666666666667
1.0	7.533333333333333
1.0	7.566666666666666
1.0	7.6
1.0	7.8
1.0	7.833333333333333
1.0	7.866666666666666
1.0	8.033333333333333
1.0	8.066666666666666
1.0	8.1
1.0	8.133333333333333
1.0	8.166666666666666
1.0	8.733333333333333
1.0	8.933333333333334
1.0	8.966666666666667
1.0	9.0
1.0	9.033333333333333
1.0	9.1
1.0	9.133333333333333
1.0	9.166666666666666
1.0	9.2
1.0	9.233333333333333
1.0	9.266666666666667
1.0	9.3
1.0	9.366666666666667
1.0	9.4
1.0	9.433333333333334
1.0	9.5
1.0	9.533333333333333
1.0	9.6
1.0	9.7
1.0	9.733333333333333
1.0	9.766666666666667
1.0	9.8
1.0	9.833333333333334
1.0	9.866666666666667
1.0	10.2
1.0	10.266666666666667
1.0	10.3
1.0	10.333333333333334
1.0	10.366666666666667
1.0	10.9
1.0	10.933333333333334
1.0	10.966666666666667
1.0	11.0
1.0	11.033333333333333
1.0	11.133333333333333
1.0	11.166666666666666
1.0	11.2
1.0	13.033333333333333
1.0	13.066666666666666
1.0	13.1
1.0	13.133333333333333
1.0	13.166666666666666
1.0	13.233333333333333
1.0	13.266666666666667
1.0	13.3
1.0	13.333333333333334
1.0	13.366666666666667
1.0	13.4
1.0	13.433333333333334
1.0	13.466666666666667
1.0	13.5
1.0	13.533333333333333
1.0	13.566666666666666
1.0	13.633333333333333
1.0	13.666666666666666
1.0	13.733333333333333
1.0	13.766666666666667
1.0	13.8
1.0	13.833333333333334
1.0	13.866666666666667
1.0	13.9
1.0	13.966666666666667
1.0	14.0
1.0	14.066666666666666
1.0	14.133333333333333
1.0	14.166666666666666
1.0	14.2
1.0	14.233333333333333
1.0	14.266666666666667
1.0	14.3
1.0	14.566666666666666
1.0	14.633333333333333
1.0	14.666666666666666
1.0	14.733333333333333
1.0	14.766666666666667
1.0	14.8
1.0	14.833333333333334
1.0	15.0
1.0	15.266666666666667
1.0	16.233333333333334
1.0	16.266666666666666
1.0	16.3
1.0	16.333333333333332
1.0	16.666666666666668
1.0	16.7
1.0	16.733333333333334
1.0	16.766666666666666
1.0	16.8
1.0	16.833333333333332
1.0	16.866666666666667
1.0	17.266666666666666
1.0	17.3
1.0	17.333333333333332
1.0	20.133333333333333
1.0	20.233333333333334
1.0	20.266666666666666
1.0	20.333333333333332
1.0	20.366666666666667
1.0	20.4
1.0	20.433333333333334
1.0	20.466666666666665
1.0	20.5
1.0	20.566666666666666
1.0	20.6
1.0	20.633333333333333
1.0	20.666666666666668
1.0	20.7
1.0	20.733333333333334
1.0	20.766666666666666
1.0	20.833333333333332
1.0	20.866666666666667
1.0	20.9
1.0	20.933333333333334
1.0	20.966666666666665
1.0	21.066666666666666
1.0	21.1
1.0	21.2
68.0	0.26666666666666666
68.0	0.3
68.0	0.8333333333333334
68.0	1.1
68.0	1.1333333333333333
68.0	1.1666666666666667
68.0	1.2
68.0	1.4666666666666666
68.0	1.5
68.0	1.5333333333333334
68.0	1.5666666666666667
68.0	1.6
68.0	1.7333333333333334
68.0	1.7666666666666666
68.0	1.8
68.0	2.8333333333333335
68.0	2.8666666666666667
68.0	2.9
68.0	2.933333333333333
68.0	2.966666666666667
68.0	3.1
68.0	3.1666666666666665
68.0	3.2
68.0	3.2333333333333334
68.0	3.2666666666666666
68.0	3.3
68.0	4.766666666666667
68.0	4.8
68.0	4.933333333333334
68.0	5.033333333333333
68.0	5.533333333333333
68.0	5.666666666666667
68.0	5.7
68.0	5.733333333333333
68.0	5.833333333333333
68.0	5.933333333333334
68.0	8.933333333333334
68.0	8.966666666666667
68.0	9.066666666666666
68.0	9.1
68.0	9.5
68.0	9.533333333333333
68.0	9.566666666666666
68.0	9.6
68.0	9.633333333333333
68.0	9.666666666666666
68.0	10.433333333333334
68.0	10.466666666666667
68.0	10.5
68.0	10.7
68.0	10.733333333333333
68.0	10.766666666666667
68.0	11.766666666666667
68.0	12.4
68.0	12.466666666666667
68.0	12.533333333333333
68.0	12.633333333333333
68.0	12.733333333333333
68.0	13.033333333333333
68.0	14.2
68.0	14.233333333333333
68.0	14.266666666666667
68.0	14.3
68.0	14.333333333333334
68.0	14.833333333333334
68.0	14.866666666666667
68.0	14.9
68.0	15.633333333333333
68.0	15.666666666666666
68.0	16.933333333333334
68.0	16.966666666666665
68.0	17.0
68.0	17.166666666666668
68.0	17.2
68.0	17.233333333333334
68.0	17.566666666666666
68.0	18.6
68.0	18.9
68.0	19.3
68.0	19.666666666666668
68.0	19.9
68.0	20.133333333333333
68.0	22.1
19.0	1.2666666666666666
19.0	1.3
19.0	2.566666666666667
19.0	2.6
19.0	2.7
19.0	9.266666666666667
19.0	9.3
19.0	9.333333333333334
19.0	9.366666666666667
19.0	9.4
19.0	9.433333333333334
19.0	14.133333333333333
19.0	16.233333333333334
19.0	16.266666666666666
19.0	17.1
19.0	19.066666666666666
14.0	0.3
14.0	1.2333333333333334
14.0	2.033333333333333
14.0	2.066666666666667
14.0	2.1
14.0	2.1333333333333333
14.0	2.1666666666666665
14.0	2.2
14.0	2.2333333333333334
14.0	2.3
14.0	2.3333333333333335
14.0	2.4
14.0	2.433333333333333
14.0	2.466666666666667
14.0	2.5
14.0	2.533333333333333
14.0	2.566666666666667
14.0	2.6
14.0	3.533333333333333
14.0	3.6666666666666665
14.0	3.7
14.0	3.8
14.0	3.8333333333333335
14.0	3.933333333333333
14.0	3.966666666666667
14.0	4.066666666666666
14.0	4.1
14.0	8.0
14.0	8.933333333333334
14.0	8.966666666666667
14.0	9.0
14.0	9.033333333333333
14.0	9.066666666666666
14.0	9.1
14.0	9.133333333333333
14.0	9.166666666666666
14.0	9.2
14.0	9.266666666666667
14.0	9.3
14.0	9.333333333333334
14.0	9.366666666666667
14.0	9.4
14.0	9.666666666666666
14.0	9.7
14.0	9.866666666666667
14.0	9.9
14.0	9.933333333333334
14.0	9.966666666666667
14.0	10.0
14.0	10.866666666666667
14.0	10.9
14.0	11.0
14.0	11.133333333333333
14.0	11.166666666666666
14.0	11.266666666666667
14.0	11.3
14.0	11.4
14.0	11.433333333333334
14.0	11.566666666666666
14.0	11.966666666666667
14.0	12.4
14.0	12.5
14.0	12.6
14.0	12.666666666666666
14.0	12.733333333333333
14.0	12.766666666666667
14.0	12.8
14.0	13.566666666666666
14.0	13.6
14.0	13.666666666666666
14.0	13.7
14.0	13.733333333333333
14.0	13.833333333333334
14.0	13.966666666666667
14.0	14.0
14.0	14.1
14.0	16.366666666666667
14.0	16.4
14.0	16.5
14.0	17.333333333333332
14.0	17.366666666666667
14.0	17.466666666666665
14.0	17.7
14.0	18.0
14.0	18.033333333333335
14.0	18.133333333333333
14.0	18.166666666666668
14.0	18.7
14.0	18.833333333333332
14.0	18.9
14.0	18.966666666666665
14.0	19.1
14.0	19.3
14.0	19.466666666666665
14.0	19.866666666666667
14.0	19.9
14.0	20.033333333333335
14.0	20.066666666666666
14.0	20.5
14.0	20.6
14.0	20.633333333333333
14.0	20.666666666666668
14.0	20.733333333333334
14.0	20.766666666666666
14.0	20.8
14.0	20.866666666666667
14.0	20.9
14.0	20.933333333333334
14.0	21.033333333333335
14.0	21.066666666666666
14.0	21.166666666666668
14.0	21.2
14.0	21.3
14.0	21.633333333333333
43.0	0.2
43.0	0.23333333333333334
43.0	0.26666666666666666
43.0	0.3
43.0	0.3333333333333333
43.0	0.36666666666666664
43.0	0.4
43.0	0.43333333333333335
43.0	0.4666666666666667
43.0	0.5
43.0	0.5666666666666667
43.0	0.6
43.0	0.6333333333333333
43.0	0.6666666666666666
43.0	0.9333333333333333
43.0	0.9666666666666667
43.0	1.0
43.0	2.033333333333333
43.0	2.066666666666667
43.0	2.1
43.0	2.1333333333333333
43.0	2.1666666666666665
43.0	2.8333333333333335
43.0	2.8666666666666667
43.0	3.6666666666666665
43.0	4.233333333333333
43.0	4.266666666666667
43.0	5.033333333333333
43.0	5.066666666666666
43.0	5.1
43.0	5.966666666666667
43.0	6.0
43.0	6.033333333333333
43.0	6.733333333333333
43.0	6.8
43.0	6.933333333333334
43.0	6.966666666666667
43.0	7.0
43.0	7.033333333333333
43.0	7.133333333333334
43.0	7.233333333333333
43.0	7.266666666666667
43.0	7.3
43.0	7.533333333333333
43.0	7.566666666666666
43.0	7.6
43.0	7.633333333333334
43.0	7.733333333333333
43.0	7.766666666666667
43.0	7.8
43.0	7.833333333333333
43.0	7.9
43.0	7.933333333333334
43.0	7.966666666666667
43.0	8.0
43.0	8.1
43.0	8.133333333333333
43.0	9.066666666666666
43.0	9.1
43.0	9.133333333333333
43.0	9.166666666666666
43.0	9.2
43.0	9.233333333333333
43.0	9.266666666666667
43.0	9.3
43.0	9.333333333333334
43.0	9.366666666666667
43.0	9.4
43.0	9.433333333333334
43.0	9.466666666666667
43.0	10.133333333333333
43.0	10.166666666666666
43.0	10.2
43.0	10.233333333333333
43.0	10.266666666666667
43.0	11.133333333333333
43.0	11.166666666666666
43.0	11.2
43.0	11.266666666666667
43.0	12.1
43.0	12.133333333333333
43.0	12.2
43.0	12.5
43.0	12.533333333333333
43.0	12.6
43.0	12.633333333333333
43.0	12.666666666666666
43.0	12.7
43.0	12.866666666666667
43.0	12.9
43.0	13.6
43.0	13.666666666666666
43.0	13.7
43.0	13.733333333333333
43.0	13.766666666666667
43.0	13.8
43.0	14.533333333333333
43.0	14.566666666666666
43.0	14.6
43.0	14.633333333333333
43.0	14.666666666666666
43.0	14.7
43.0	14.966666666666667
43.0	15.0
43.0	16.733333333333334
43.0	16.766666666666666
43.0	16.8
43.0	16.833333333333332
43.0	16.866666666666667
43.0	16.9
43.0	16.933333333333334
43.0	16.966666666666665
43.0	17.0
43.0	18.366666666666667
43.0	18.4
43.0	18.433333333333334
43.0	18.466666666666665
43.0	18.666666666666668
43.0	19.1
43.0	19.4
43.0	19.766666666666666
43.0	19.8
43.0	19.833333333333332
43.0	19.866666666666667
43.0	19.9
43.0	20.0
43.0	20.066666666666666
43.0	20.1
43.0	20.133333333333333
43.0	20.766666666666666
43.0	20.8
43.0	21.766666666666666
43.0	21.8
43.0	21.833333333333332
43.0	21.866666666666667
43.0	21.9
43.0	21.933333333333334
43.0	22.133333333333333
43.0	22.166666666666668
43.0	22.2
30.0	3.066666666666667
30.0	9.433333333333334
30.0	9.466666666666667
30.0	9.566666666666666
30.0	9.6
30.0	9.666666666666666
30.0	12.633333333333333
30.0	13.0
30.0	15.966666666666667
30.0	16.0
30.0	16.366666666666667
30.0	16.5
30.0	17.133333333333333
30.0	17.166666666666668
30.0	17.266666666666666
30.0	17.3
30.0	17.333333333333332
30.0	17.4
30.0	17.433333333333334
30.0	17.466666666666665
30.0	17.7
30.0	17.733333333333334
66.0	0.3333333333333333
66.0	0.7666666666666667
66.0	0.8
66.0	2.6333333333333333
66.0	2.6666666666666665
66.0	2.7
66.0	2.7666666666666666
66.0	2.8666666666666667
66.0	4.8
66.0	5.5
66.0	19.7
63.0	1.3333333333333333
63.0	1.3666666666666667
63.0	1.6
63.0	1.6333333333333333
63.0	1.6666666666666667
63.0	2.8666666666666667
63.0	2.9
63.0	3.033333333333333
63.0	4.133333333333334
63.0	4.166666666666667
63.0	4.433333333333334
63.0	4.733333333333333
63.0	4.766666666666667
63.0	4.933333333333334
63.0	5.066666666666666
63.0	5.4
63.0	5.433333333333334
63.0	5.466666666666667
63.0	5.5
63.0	6.2
63.0	10.4
63.0	10.433333333333334
63.0	12.4
63.0	15.133333333333333
63.0	15.166666666666666
63.0	15.233333333333333
63.0	15.266666666666667
63.0	15.9
63.0	15.933333333333334
63.0	15.966666666666667
63.0	16.933333333333334
63.0	16.966666666666665
63.0	17.1
63.0	17.8
63.0	19.633333333333333
63.0	19.666666666666668
64.0	1.2666666666666666
64.0	1.3
64.0	1.6333333333333333
64.0	1.6666666666666667
64.0	1.7
64.0	4.533333333333333
64.0	4.566666666666666
64.0	4.7
64.0	4.733333333333333
64.0	4.766666666666667
64.0	5.233333333333333
64.0	5.4
64.0	5.433333333333334
64.0	5.466666666666667
64.0	6.2
64.0	6.466666666666667
64.0	10.133333333333333
64.0	10.166666666666666
64.0	10.366666666666667
64.0	10.4
64.0	10.433333333333334
64.0	10.466666666666667
64.0	12.1
64.0	12.333333333333334
64.0	12.366666666666667
64.0	12.4
64.0	14.133333333333333
64.0	14.166666666666666
64.0	14.333333333333334
64.0	14.533333333333333
64.0	14.566666666666666
64.0	14.6
64.0	14.7
64.0	14.766666666666667
64.0	14.8
64.0	14.833333333333334
64.0	14.866666666666667
64.0	14.9
64.0	15.266666666666667
64.0	15.3
64.0	16.0
64.0	16.033333333333335
64.0	16.066666666666666
64.0	16.1
64.0	16.133333333333333
64.0	16.9
64.0	16.933333333333334
64.0	16.966666666666665
64.0	17.6
64.0	17.633333333333333
64.0	17.666666666666668
64.0	17.733333333333334
64.0	17.766666666666666
64.0	17.866666666666667
64.0	17.9
64.0	17.933333333333334
64.0	17.966666666666665
64.0	18.0
64.0	18.033333333333335
64.0	18.066666666666666
64.0	18.1
64.0	18.3
64.0	18.566666666666666
64.0	18.6
64.0	18.666666666666668
64.0	18.933333333333334
64.0	18.966666666666665
64.0	19.1
64.0	19.4
64.0	19.433333333333334
64.0	19.6
64.0	19.633333333333333
64.0	19.666666666666668
64.0	20.0
64.0	21.8
64.0	22.033333333333335
64.0	22.066666666666666
25.0	1.8666666666666667
25.0	2.1333333333333333
25.0	2.1666666666666665
25.0	2.2
25.0	2.2333333333333334
25.0	2.2666666666666666
25.0	2.3666666666666667
25.0	2.4
25.0	2.433333333333333
25.0	3.3333333333333335
25.0	3.3666666666666667
25.0	3.4
25.0	3.466666666666667
25.0	3.5
25.0	3.533333333333333
25.0	3.566666666666667
25.0	3.6
25.0	3.6333333333333333
25.0	3.6666666666666665
25.0	3.7666666666666666
25.0	3.8666666666666667
25.0	3.9
25.0	3.933333333333333
25.0	3.966666666666667
25.0	4.0
25.0	4.033333333333333
25.0	4.066666666666666
25.0	9.166666666666666
25.0	9.233333333333333
25.0	9.266666666666667
25.0	9.3
25.0	9.333333333333334
25.0	9.366666666666667
25.0	9.4
25.0	9.633333333333333
25.0	10.833333333333334
25.0	11.1
25.0	11.233333333333333
25.0	11.366666666666667
25.0	11.5
25.0	11.533333333333333
25.0	11.633333333333333
25.0	11.666666666666666
25.0	11.7
25.0	11.766666666666667
25.0	11.8
25.0	11.833333333333334
25.0	11.9
25.0	11.933333333333334
25.0	11.966666666666667
25.0	12.0
25.0	12.033333333333333
25.0	12.5
25.0	13.1
25.0	13.366666666666667
25.0	13.4
25.0	13.5
25.0	13.633333333333333
25.0	13.766666666666667
25.0	13.8
25.0	13.9
25.0	13.933333333333334
25.0	14.033333333333333
25.0	14.066666666666666
25.0	14.333333333333334
25.0	14.366666666666667
25.0	14.433333333333334
25.0	14.466666666666667
25.0	15.166666666666666
25.0	16.533333333333335
25.0	16.566666666666666
25.0	17.133333333333333
25.0	17.6
25.0	17.633333333333333
25.0	17.666666666666668
25.0	18.633333333333333
25.0	18.933333333333334
25.0	19.166666666666668
25.0	19.3
25.0	19.533333333333335
25.0	19.666666666666668
25.0	19.966666666666665
25.0	20.1
25.0	20.166666666666668
25.0	20.7
25.0	21.133333333333333
25.0	21.266666666666666
25.0	21.7
18.0	2.0
18.0	2.1
18.0	2.1333333333333333
18.0	2.2
18.0	2.2333333333333334
18.0	2.2666666666666666
18.0	2.3
18.0	2.3333333333333335
18.0	2.3666666666666667
18.0	2.4
18.0	2.433333333333333
18.0	2.466666666666667
18.0	2.5
18.0	2.533333333333333
18.0	2.566666666666667
18.0	2.6
18.0	3.6
18.0	3.6333333333333333
18.0	4.033333333333333
18.0	4.066666666666666
18.0	4.833333333333333
18.0	9.866666666666667
18.0	9.9
18.0	9.933333333333334
18.0	10.0
18.0	10.033333333333333
18.0	10.066666666666666
18.0	10.1
18.0	10.833333333333334
18.0	10.866666666666667
18.0	10.933333333333334
18.0	10.966666666666667
18.0	11.066666666666666
18.0	11.1
18.0	11.2
18.0	11.233333333333333
18.0	11.266666666666667
18.0	11.333333333333334
18.0	11.366666666666667
18.0	11.4
18.0	11.466666666666667
18.0	11.5
18.0	12.033333333333333
18.0	12.066666666666666
18.0	12.1
18.0	13.366666666666667
18.0	13.4
18.0	13.433333333333334
18.0	13.466666666666667
18.0	13.5
18.0	13.533333333333333
18.0	13.566666666666666
18.0	13.6
18.0	13.633333333333333
18.0	13.666666666666666
18.0	13.7
18.0	13.733333333333333
18.0	14.233333333333333
18.0	14.266666666666667
18.0	14.3
18.0	14.466666666666667
18.0	14.5
18.0	15.866666666666667
18.0	15.9
18.0	17.4
18.0	17.966666666666665
18.0	18.0
18.0	18.2
18.0	18.233333333333334
18.0	21.466666666666665
18.0	21.7
18.0	21.733333333333334
18.0	21.766666666666666
18.0	22.2
38.0	0.1
38.0	0.13333333333333333
38.0	0.4
38.0	0.43333333333333335
38.0	0.8666666666666667
38.0	0.9
38.0	0.9333333333333333
38.0	4.166666666666667
38.0	4.2
38.0	4.233333333333333
38.0	4.266666666666667
38.0	4.433333333333334
38.0	4.466666666666667
38.0	4.5
38.0	4.9
38.0	5.133333333333334
38.0	5.166666666666667
38.0	5.866666666666666
38.0	5.9
38.0	5.933333333333334
38.0	8.033333333333333
38.0	8.066666666666666
38.0	8.633333333333333
38.0	8.666666666666666
38.0	9.733333333333333
38.0	9.766666666666667
38.0	9.8
38.0	9.833333333333334
38.0	9.9
38.0	10.033333333333333
38.0	10.066666666666666
38.0	10.1
38.0	10.133333333333333
38.0	10.166666666666666
38.0	10.533333333333333
38.0	12.033333333333333
38.0	12.066666666666666
38.0	16.566666666666666
38.0	16.6
38.0	18.233333333333334
38.0	18.633333333333333
38.0	19.033333333333335
38.0	19.066666666666666
38.0	19.333333333333332
38.0	19.366666666666667
38.0	19.733333333333334
38.0	19.766666666666666
2.0	1.7333333333333334
2.0	1.7666666666666666
2.0	1.8
2.0	1.8333333333333333
2.0	1.8666666666666667
2.0	1.9
2.0	1.9666666666666666
2.0	2.0
2.0	2.033333333333333
2.0	2.1
2.0	2.1333333333333333
2.0	2.1666666666666665
2.0	2.2
2.0	2.2333333333333334
2.0	2.2666666666666666
2.0	2.3666666666666667
2.0	2.4
2.0	3.3333333333333335
2.0	3.3666666666666667
2.0	3.466666666666667
2.0	3.5
2.0	3.6333333333333333
2.0	3.7333333333333334
2.0	3.7666666666666666
2.0	3.8666666666666667
2.0	3.9
2.0	8.933333333333334
2.0	8.966666666666667
2.0	9.0
2.0	9.1
2.0	9.166666666666666
2.0	9.2
2.0	9.233333333333333
2.0	9.266666666666667
2.0	9.3
2.0	9.366666666666667
2.0	9.4
2.0	9.433333333333334
2.0	9.466666666666667
2.0	9.5
2.0	9.8
2.0	10.533333333333333
2.0	10.566666666666666
2.0	10.8
2.0	10.833333333333334
2.0	10.866666666666667
2.0	10.933333333333334
2.0	10.966666666666667
2.0	11.066666666666666
2.0	11.1
2.0	11.2
2.0	11.233333333333333
2.0	11.366666666666667
2.0	11.4
2.0	11.466666666666667
2.0	11.5
2.0	11.566666666666666
2.0	11.633333333333333
2.0	11.666666666666666
2.0	11.766666666666667
2.0	12.433333333333334
2.0	12.466666666666667
2.0	12.5
2.0	12.766666666666667
2.0	13.1
2.0	13.233333333333333
2.0	13.366666666666667
2.0	13.5
2.0	13.633333333333333
2.0	13.766666666666667
2.0	13.9
2.0	16.3
2.0	16.433333333333334
2.0	17.266666666666666
2.0	17.3
2.0	17.4
2.0	17.633333333333333
2.0	17.666666666666668
2.0	17.933333333333334
2.0	17.966666666666665
2.0	18.066666666666666
2.0	18.1
2.0	18.9
2.0	18.966666666666665
2.0	19.266666666666666
2.0	19.3
2.0	19.833333333333332
2.0	19.866666666666667
2.0	19.9
2.0	20.166666666666668
2.0	20.3
2.0	20.433333333333334
2.0	20.566666666666666
2.0	20.7
2.0	20.833333333333332
2.0	20.966666666666665
2.0	21.1
2.0	21.266666666666666
2.0	21.6
60.0	0.5333333333333333
60.0	0.5666666666666667
60.0	0.7
60.0	1.0333333333333334
60.0	1.7333333333333334
60.0	1.7666666666666666
60.0	1.8
60.0	1.8333333333333333
60.0	1.8666666666666667
60.0	1.9
60.0	1.9333333333333333
60.0	2.6333333333333333
60.0	2.6666666666666665
60.0	2.7666666666666666
60.0	2.8
60.0	4.3
60.0	4.333333333333333
60.0	4.566666666666666
60.0	4.6
60.0	4.633333333333334
60.0	4.666666666666667
60.0	5.266666666666667
60.0	5.3
60.0	5.333333333333333
60.0	5.366666666666666
60.0	5.4
60.0	6.066666666666666
60.0	6.1
60.0	6.133333333333334
60.0	6.166666666666667
60.0	6.2
60.0	6.533333333333333
60.0	7.8
60.0	7.833333333333333
60.0	7.866666666666666
60.0	7.9
60.0	7.933333333333334
60.0	8.166666666666666
60.0	8.2
60.0	8.233333333333333
60.0	8.266666666666667
60.0	8.3
60.0	8.766666666666667
60.0	8.8
60.0	8.833333333333334
60.0	8.866666666666667
60.0	8.9
60.0	9.933333333333334
60.0	9.966666666666667
60.0	10.0
60.0	10.033333333333333
60.0	10.066666666666666
60.0	10.1
60.0	10.133333333333333
60.0	10.166666666666666
60.0	10.2
60.0	10.233333333333333
60.0	10.266666666666667
60.0	10.3
60.0	10.333333333333334
60.0	10.366666666666667
60.0	10.4
60.0	10.433333333333334
60.0	10.466666666666667
60.0	12.166666666666666
60.0	12.2
60.0	12.3
60.0	12.333333333333334
60.0	12.366666666666667
60.0	12.5
60.0	14.733333333333333
60.0	14.766666666666667
60.0	14.8
60.0	16.1
60.0	16.7
60.0	16.833333333333332
60.0	16.866666666666667
60.0	17.9
60.0	17.966666666666665
60.0	18.0
60.0	18.033333333333335
60.0	18.066666666666666
60.0	18.1
60.0	18.133333333333333
60.0	18.166666666666668
60.0	18.2
60.0	18.233333333333334
60.0	18.266666666666666
60.0	18.3
60.0	18.333333333333332
60.0	18.366666666666667
60.0	18.4
60.0	18.433333333333334
60.0	18.466666666666665
60.0	18.5
60.0	18.533333333333335
60.0	18.566666666666666
60.0	18.6
60.0	18.733333333333334
60.0	18.933333333333334
60.0	19.0
60.0	19.166666666666668
60.0	19.266666666666666
60.0	19.3
60.0	19.466666666666665
60.0	19.6
60.0	19.8
60.0	20.033333333333335
60.0	21.8
60.0	21.833333333333332
60.0	21.966666666666665
60.0	22.0
12.0	1.8666666666666667
12.0	1.9
12.0	2.0
12.0	2.033333333333333
12.0	2.1333333333333333
12.0	2.1666666666666665
12.0	2.2666666666666666
12.0	2.3
12.0	3.3666666666666667
12.0	3.4
12.0	3.433333333333333
12.0	3.5
12.0	3.533333333333333
12.0	3.6333333333333333
12.0	3.6666666666666665
12.0	3.8
12.0	3.933333333333333
12.0	9.0
12.0	9.033333333333333
12.0	9.133333333333333
12.0	9.166666666666666
12.0	10.833333333333334
12.0	10.866666666666667
12.0	10.9
12.0	11.133333333333333
12.0	11.266666666666667
12.0	13.133333333333333
12.0	13.266666666666667
12.0	13.3
12.0	13.4
12.0	13.533333333333333
12.0	13.666666666666666
12.0	13.8
12.0	15.4
12.0	16.3
12.0	16.333333333333332
12.0	17.3
12.0	17.333333333333332
12.0	17.433333333333334
12.0	17.7
12.0	17.966666666666665
12.0	18.933333333333334
12.0	20.033333333333335
12.0	20.333333333333332
12.0	20.466666666666665
12.0	20.6
12.0	20.733333333333334
12.0	20.866666666666667
12.0	21.466666666666665
67.0	0.3333333333333333
67.0	0.36666666666666664
67.0	0.4
67.0	1.4333333333333333
67.0	1.4666666666666666
67.0	1.7
67.0	1.7333333333333334
67.0	1.7666666666666666
67.0	3.066666666666667
67.0	3.1
67.0	3.1333333333333333
67.0	3.1666666666666665
67.0	3.2333333333333334
67.0	4.7
67.0	4.733333333333333
67.0	8.0
67.0	8.966666666666667
67.0	9.566666666666666
67.0	9.6
67.0	9.633333333333333
67.0	10.366666666666667
67.0	10.4
67.0	10.433333333333334
67.0	10.466666666666667
67.0	10.7
67.0	10.733333333333333
67.0	12.366666666666667
67.0	12.4
67.0	12.466666666666667
67.0	14.8
67.0	14.833333333333334
67.0	21.666666666666668
67.0	21.7
67.0	21.733333333333334
67.0	21.766666666666666
67.0	21.8
67.0	21.833333333333332
67.0	22.033333333333335
67.0	22.066666666666666
67.0	22.1
37.0	0.36666666666666664
37.0	7.9
37.0	7.933333333333334
54.0	0.5666666666666667
54.0	0.6
54.0	1.0333333333333334
54.0	1.0666666666666667
54.0	1.1
54.0	1.7333333333333334
54.0	1.7666666666666666
54.0	2.6333333333333333
54.0	4.333333333333333
54.0	4.366666666666666
54.0	4.4
54.0	4.6
54.0	5.266666666666667
54.0	6.533333333333333
54.0	7.8
54.0	7.833333333333333
54.0	8.166666666666666
54.0	8.2
54.0	8.766666666666667
54.0	9.8
54.0	9.9
54.0	10.0
54.0	10.166666666666666
54.0	10.2
54.0	10.266666666666667
54.0	10.3
54.0	10.466666666666667
54.0	10.5
54.0	11.933333333333334
54.0	12.133333333333333
54.0	12.166666666666666
54.0	12.2
54.0	12.233333333333333
54.0	12.266666666666667
54.0	14.6
54.0	14.633333333333333
54.0	14.666666666666666
54.0	14.7
54.0	14.9
54.0	16.033333333333335
54.0	16.1
54.0	16.133333333333333
54.0	16.166666666666668
54.0	16.2
54.0	16.666666666666668
54.0	16.7
54.0	17.0
54.0	18.433333333333334
54.0	18.8
54.0	18.833333333333332
54.0	19.266666666666666
54.0	19.3
54.0	21.833333333333332
54.0	21.866666666666667
44.0	0.16666666666666666
44.0	0.2
44.0	0.23333333333333334
44.0	0.26666666666666666
44.0	0.4666666666666667
44.0	4.233333333333333
44.0	4.266666666666667
44.0	4.5
44.0	4.533333333333333
44.0	5.2
44.0	5.233333333333333
44.0	5.333333333333333
44.0	10.1
44.0	10.133333333333333
44.0	10.2
44.0	10.233333333333333
44.0	12.066666666666666
44.0	12.1
44.0	12.133333333333333
44.0	12.166666666666666
44.0	12.2
44.0	12.233333333333333
44.0	14.5
44.0	14.533333333333333
44.0	14.566666666666666
44.0	14.6
44.0	14.633333333333333
44.0	14.666666666666666
44.0	14.7
44.0	16.6
44.0	16.633333333333333
44.0	16.733333333333334
44.0	16.766666666666666
44.0	18.266666666666666
44.0	18.3
44.0	18.333333333333332
44.0	18.366666666666667
44.0	18.4
44.0	18.433333333333334
44.0	18.466666666666665
44.0	18.633333333333333
44.0	19.1
44.0	19.8
44.0	19.833333333333332
44.0	19.866666666666667
44.0	20.166666666666668
44.0	21.733333333333334
44.0	21.766666666666666
44.0	21.833333333333332
44.0	21.866666666666667
45.0	0.16666666666666666
45.0	0.2
45.0	0.23333333333333334
45.0	0.26666666666666666
45.0	0.4666666666666667
45.0	0.5
45.0	0.9
45.0	0.9333333333333333
45.0	0.9666666666666667
45.0	1.0
45.0	2.2333333333333334
45.0	2.2666666666666666
45.0	2.3666666666666667
45.0	4.2
45.0	4.233333333333333
45.0	4.266666666666667
45.0	4.466666666666667
45.0	4.5
45.0	5.166666666666667
45.0	5.2
45.0	5.233333333333333
45.0	5.266666666666667
45.0	5.8
45.0	5.933333333333334
45.0	5.966666666666667
45.0	6.0
45.0	6.033333333333333
45.0	6.433333333333334
45.0	6.466666666666667
45.0	7.733333333333333
45.0	7.766666666666667
45.0	7.8
45.0	7.9
45.0	8.066666666666666
45.0	8.1
45.0	8.133333333333333
45.0	8.166666666666666
45.0	8.333333333333334
45.0	8.366666666666667
45.0	8.666666666666666
45.0	8.7
45.0	8.733333333333333
45.0	9.0
45.0	9.033333333333333
45.0	9.066666666666666
45.0	9.1
45.0	9.766666666666667
45.0	9.8
45.0	9.833333333333334
45.0	10.1
45.0	10.133333333333333
45.0	10.166666666666666
45.0	10.2
45.0	10.233333333333333
45.0	12.066666666666666
45.0	12.133333333333333
45.0	12.166666666666666
45.0	12.2
45.0	14.233333333333333
45.0	14.5
45.0	14.533333333333333
45.0	14.566666666666666
45.0	14.6
45.0	14.633333333333333
45.0	15.366666666666667
45.0	15.933333333333334
45.0	15.966666666666667
45.0	16.566666666666666
45.0	16.6
45.0	16.633333333333333
45.0	18.233333333333334
45.0	18.266666666666666
45.0	18.633333333333333
45.0	18.666666666666668
45.0	18.7
45.0	19.066666666666666
45.0	19.1
45.0	19.4
45.0	19.433333333333334
45.0	19.733333333333334
45.0	19.766666666666666
45.0	19.8
45.0	21.233333333333334
45.0	21.266666666666666
45.0	21.3
45.0	21.433333333333334
45.0	21.466666666666665
45.0	21.5
45.0	21.733333333333334
45.0	21.766666666666666
45.0	21.8
45.0	21.833333333333332
45.0	21.866666666666667
72.0	0.03333333333333333
72.0	0.06666666666666667
72.0	0.1
72.0	0.13333333333333333
72.0	0.8333333333333334
72.0	0.8666666666666667
72.0	0.9
72.0	0.9333333333333333
72.0	0.9666666666666667
72.0	1.0
72.0	1.0333333333333334
72.0	1.0666666666666667
72.0	1.1
72.0	1.1333333333333333
72.0	1.1666666666666667
72.0	1.2
72.0	1.4666666666666666
72.0	1.5
72.0	1.5333333333333334
72.0	1.7
72.0	1.7333333333333334
72.0	3.0
72.0	3.1
72.0	3.1333333333333333
72.0	3.1666666666666665
72.0	3.2333333333333334
72.0	4.133333333333334
72.0	4.166666666666667
72.0	4.2
72.0	4.433333333333334
72.0	4.466666666666667
72.0	4.8
72.0	4.9
72.0	5.033333333333333
72.0	5.066666666666666
72.0	5.1
72.0	5.133333333333334
72.0	5.166666666666667
72.0	5.533333333333333
72.0	5.6
72.0	5.733333333333333
72.0	5.833333333333333
72.0	5.866666666666666
72.0	5.9
72.0	5.933333333333334
72.0	10.466666666666667
72.0	10.5
72.0	10.7
72.0	12.3
72.0	12.333333333333334
72.0	12.366666666666667
72.0	12.4
72.0	14.633333333333333
72.0	14.666666666666666
72.0	14.9
72.0	14.933333333333334
72.0	15.0
72.0	15.166666666666666
72.0	15.2
72.0	16.233333333333334
72.0	16.3
72.0	16.733333333333334
72.0	17.033333333333335
72.0	17.133333333333333
72.0	17.166666666666668
72.0	18.033333333333335
72.0	18.066666666666666
72.0	18.1
72.0	18.133333333333333
72.0	19.033333333333335
72.0	19.333333333333332
72.0	21.5
72.0	21.533333333333335
72.0	21.566666666666666
72.0	21.6
72.0	21.666666666666668
72.0	21.7
72.0	21.733333333333334
72.0	21.766666666666666
72.0	21.8
72.0	21.833333333333332
72.0	21.866666666666667
72.0	21.9
3.0	1.4666666666666666
3.0	1.5
3.0	1.5333333333333334
3.0	1.7666666666666666
3.0	1.8
3.0	3.1666666666666665
3.0	3.2
3.0	3.2333333333333334
3.0	3.2666666666666666
3.0	3.3
3.0	9.533333333333333
3.0	10.5
3.0	10.733333333333333
3.0	10.766666666666667
3.0	13.033333333333333
3.0	14.933333333333334
3.0	15.666666666666666
3.0	17.0
3.0	17.2
3.0	17.566666666666666
3.0	17.6
3.0	21.533333333333335
3.0	21.566666666666666
3.0	21.6
3.0	21.633333333333333
3.0	21.666666666666668
3.0	21.7
3.0	21.733333333333334
3.0	21.766666666666666
3.0	21.8
3.0	21.833333333333332
61.0	0.8333333333333334
61.0	0.8666666666666667
61.0	1.3333333333333333
61.0	1.3666666666666667
61.0	4.133333333333334
61.0	4.866666666666666
61.0	4.9
61.0	4.933333333333334
61.0	4.966666666666667
61.0	5.866666666666666
61.0	9.566666666666666
61.0	9.633333333333333
61.0	9.666666666666666
61.0	9.7
61.0	14.7
61.0	14.733333333333333
61.0	14.766666666666667
61.0	14.8
61.0	16.033333333333335
61.0	16.166666666666668
61.0	17.9
61.0	18.433333333333334
61.0	18.466666666666665
61.0	18.566666666666666
50.0	0.5666666666666667
50.0	0.6
50.0	0.7
50.0	0.7333333333333333
50.0	0.7666666666666667
50.0	0.8
50.0	1.0333333333333334
50.0	1.0666666666666667
50.0	1.1
50.0	1.4
50.0	1.4333333333333333
50.0	1.6
50.0	1.6333333333333333
50.0	1.6666666666666667
50.0	1.7
50.0	3.033333333333333
50.0	3.066666666666667
50.0	3.1
50.0	4.3
50.0	4.333333333333333
50.0	4.6
50.0	4.633333333333334
50.0	4.733333333333333
50.0	5.033333333333333
50.0	5.066666666666666
50.0	5.266666666666667
50.0	5.3
50.0	5.333333333333333
50.0	5.833333333333333
50.0	6.0
50.0	6.033333333333333
50.0	6.066666666666666
50.0	6.1
50.0	6.2
50.0	6.733333333333333
50.0	7.033333333333333
50.0	7.566666666666666
50.0	7.6
50.0	7.733333333333333
50.0	7.766666666666667
50.0	7.833333333333333
50.0	8.2
50.0	8.3
50.0	8.333333333333334
50.0	8.8
50.0	9.6
50.0	9.633333333333333
50.0	10.2
50.0	10.233333333333333
50.0	10.4
50.0	10.433333333333334
50.0	10.633333333333333
50.0	10.666666666666666
50.0	11.533333333333333
50.0	11.566666666666666
50.0	11.6
50.0	11.666666666666666
50.0	11.733333333333333
50.0	11.8
50.0	11.866666666666667
50.0	11.9
50.0	11.933333333333334
50.0	11.966666666666667
50.0	12.166666666666666
50.0	12.2
50.0	12.233333333333333
50.0	12.333333333333334
50.0	12.366666666666667
50.0	12.4
50.0	14.633333333333333
50.0	14.833333333333334
50.0	14.866666666666667
50.0	16.1
50.0	16.133333333333333
50.0	16.166666666666668
50.0	16.866666666666667
50.0	16.9
50.0	16.933333333333334
50.0	18.566666666666666
50.0	18.6
50.0	18.733333333333334
50.0	22.033333333333335
50.0	22.066666666666666
50.0	22.1
4.0	1.5666666666666667
4.0	1.6
4.0	1.8333333333333333
4.0	2.5
4.0	2.533333333333333
4.0	2.933333333333333
4.0	3.033333333333333
4.0	3.3
4.0	3.3333333333333335
4.0	4.833333333333333
4.0	4.866666666666666
4.0	4.9
4.0	4.933333333333334
4.0	8.966666666666667
4.0	10.8
4.0	13.066666666666666
4.0	15.6
4.0	15.633333333333333
4.0	19.5
4.0	20.133333333333333
73.0	1.2333333333333334
73.0	1.2666666666666666
73.0	1.3
73.0	15.1
73.0	20.4
73.0	20.5
73.0	20.533333333333335
73.0	20.566666666666666
73.0	20.633333333333333
20.0	0.4666666666666667
20.0	0.9666666666666667
20.0	2.1666666666666665
20.0	2.3
20.0	2.4
20.0	2.433333333333333
20.0	2.466666666666667
20.0	2.566666666666667
20.0	2.6
20.0	2.8333333333333335
20.0	3.533333333333333
20.0	3.566666666666667
20.0	3.6666666666666665
20.0	3.7
20.0	3.7666666666666666
20.0	3.8
20.0	3.8333333333333335
20.0	3.9
20.0	3.933333333333333
20.0	3.966666666666667
20.0	4.0
20.0	4.066666666666666
20.0	4.1
20.0	4.233333333333333
20.0	4.266666666666667
20.0	4.533333333333333
20.0	6.433333333333334
20.0	6.466666666666667
20.0	6.566666666666666
20.0	6.6
20.0	6.733333333333333
20.0	6.8
20.0	6.933333333333334
20.0	6.966666666666667
20.0	7.033333333333333
20.0	7.233333333333333
20.0	7.266666666666667
20.0	7.533333333333333
20.0	7.566666666666666
20.0	7.6
20.0	7.633333333333334
20.0	7.733333333333333
20.0	7.766666666666667
20.0	8.066666666666666
20.0	8.1
20.0	8.133333333333333
20.0	8.7
20.0	9.166666666666666
20.0	9.2
20.0	9.233333333333333
20.0	9.266666666666667
20.0	9.3
20.0	9.333333333333334
20.0	9.366666666666667
20.0	9.4
20.0	9.433333333333334
20.0	9.466666666666667
20.0	10.133333333333333
20.0	10.166666666666666
20.0	10.866666666666667
20.0	11.0
20.0	11.133333333333333
20.0	11.166666666666666
20.0	11.233333333333333
20.0	11.266666666666667
20.0	11.3
20.0	11.4
20.0	11.433333333333334
20.0	11.533333333333333
20.0	11.566666666666666
20.0	11.633333333333333
20.0	11.666666666666666
20.0	11.7
20.0	11.833333333333334
20.0	11.866666666666667
20.0	11.966666666666667
20.0	12.0
20.0	12.1
20.0	12.133333333333333
20.0	12.566666666666666
20.0	12.6
20.0	12.633333333333333
20.0	12.666666666666666
20.0	12.7
20.0	12.8
20.0	14.1
20.0	14.133333333333333
20.0	14.166666666666666
20.0	14.2
20.0	14.233333333333333
20.0	14.266666666666667
20.0	14.3
20.0	14.333333333333334
20.0	14.366666666666667
20.0	14.433333333333334
20.0	14.466666666666667
20.0	14.533333333333333
20.0	14.566666666666666
20.0	14.933333333333334
20.0	14.966666666666667
20.0	15.0
20.0	15.566666666666666
20.0	15.6
20.0	16.6
20.0	16.633333333333333
20.0	17.033333333333335
20.0	17.333333333333332
20.0	17.433333333333334
20.0	17.466666666666665
20.0	18.266666666666666
20.0	18.633333333333333
20.0	18.666666666666668
20.0	19.1
20.0	19.4
20.0	19.433333333333334
20.0	19.8
20.0	20.6
20.0	20.733333333333334
20.0	20.766666666666666
20.0	20.9
20.0	21.0
20.0	21.033333333333335
20.0	21.166666666666668
20.0	21.766666666666666
20.0	22.133333333333333
47.0	0.2
47.0	0.23333333333333334
47.0	0.5
47.0	0.5333333333333333
47.0	0.5666666666666667
47.0	1.0
47.0	1.0333333333333334
47.0	4.266666666666667
47.0	4.3
47.0	4.333333333333333
47.0	4.366666666666666
47.0	4.533333333333333
47.0	4.566666666666666
47.0	4.6
47.0	4.633333333333334
47.0	4.7
47.0	5.266666666666667
47.0	5.3
47.0	5.366666666666666
47.0	6.033333333333333
47.0	6.066666666666666
47.0	7.766666666666667
47.0	7.8
47.0	7.833333333333333
47.0	7.866666666666666
47.0	7.9
47.0	7.933333333333334
47.0	8.133333333333333
47.0	8.166666666666666
47.0	8.2
47.0	8.233333333333333
47.0	8.366666666666667
47.0	8.733333333333333
47.0	8.766666666666667
47.0	8.8
47.0	10.166666666666666
47.0	10.2
47.0	10.233333333333333
47.0	12.166666666666666
47.0	12.2
47.0	14.6
47.0	14.633333333333333
47.0	15.966666666666667
47.0	16.0
47.0	16.033333333333335
47.0	16.066666666666666
47.0	16.1
47.0	16.133333333333333
47.0	16.666666666666668
47.0	16.7
47.0	16.733333333333334
47.0	16.766666666666666
47.0	18.3
47.0	18.333333333333332
47.0	18.366666666666667
47.0	18.7
47.0	18.733333333333334
47.0	18.766666666666666
47.0	19.2
47.0	19.466666666666665
47.0	19.833333333333332
47.0	21.866666666666667
47.0	21.9
5.0	1.9666666666666666
5.0	2.0
5.0	2.066666666666667
5.0	2.1
5.0	2.2333333333333334
5.0	3.433333333333333
5.0	3.466666666666667
5.0	3.566666666666667
5.0	3.6
5.0	4.933333333333334
5.0	6.166666666666667
5.0	6.2
5.0	8.966666666666667
5.0	10.8
5.0	10.833333333333334
5.0	10.933333333333334
5.0	11.066666666666666
5.0	11.2
5.0	12.633333333333333
5.0	12.833333333333334
5.0	13.2
5.0	13.233333333333333
5.0	13.333333333333334
5.0	13.366666666666667
5.0	13.466666666666667
5.0	13.5
5.0	13.6
5.0	13.633333333333333
5.0	13.733333333333333
5.0	15.5
5.0	16.4
5.0	16.433333333333334
5.0	17.033333333333335
5.0	17.233333333333334
5.0	17.266666666666666
5.0	17.3
5.0	19.466666666666665
5.0	20.033333333333335
5.0	20.266666666666666
5.0	20.3
5.0	20.4
5.0	20.533333333333335
5.0	20.666666666666668
5.0	20.7
5.0	20.733333333333334
5.0	20.766666666666666
5.0	20.8
5.0	20.833333333333332
5.0	20.866666666666667
5.0	20.933333333333334
5.0	20.966666666666665
6.0	0.6333333333333333
6.0	1.5333333333333334
6.0	1.5666666666666667
6.0	1.6666666666666667
6.0	1.7
6.0	1.8666666666666667
6.0	1.9
6.0	1.9333333333333333
6.0	1.9666666666666666
6.0	2.0
6.0	2.066666666666667
6.0	3.1333333333333333
6.0	3.1666666666666665
6.0	3.2
6.0	3.3333333333333335
6.0	3.3666666666666667
6.0	3.4
6.0	3.433333333333333
6.0	3.466666666666667
6.0	3.566666666666667
6.0	3.6333333333333333
6.0	3.7
6.0	3.7333333333333334
6.0	3.7666666666666666
6.0	3.8333333333333335
6.0	3.8666666666666667
6.0	3.9
6.0	4.0
6.0	4.033333333333333
6.0	4.366666666666666
6.0	4.4
6.0	4.566666666666666
6.0	4.633333333333334
6.0	5.233333333333333
6.0	6.433333333333334
6.0	6.733333333333333
6.0	6.933333333333334
6.0	6.966666666666667
6.0	7.0
6.0	7.066666666666666
6.0	7.533333333333333
6.0	7.566666666666666
6.0	7.633333333333334
6.0	7.666666666666667
6.0	7.733333333333333
6.0	7.766666666666667
6.0	7.8
6.0	7.866666666666666
6.0	7.9
6.0	8.033333333333333
6.0	8.066666666666666
6.0	8.1
6.0	8.133333333333333
6.0	8.666666666666666
6.0	8.7
6.0	8.733333333333333
6.0	8.933333333333334
6.0	8.966666666666667
6.0	9.0
6.0	9.033333333333333
6.0	9.066666666666666
6.0	9.1
6.0	9.133333333333333
6.0	9.166666666666666
6.0	9.233333333333333
6.0	9.266666666666667
6.0	9.366666666666667
6.0	9.4
6.0	9.5
6.0	10.166666666666666
6.0	10.233333333333333
6.0	10.266666666666667
6.0	10.3
6.0	10.533333333333333
6.0	10.566666666666666
6.0	10.6
6.0	10.633333333333333
6.0	10.666666666666666
6.0	10.7
6.0	10.8
6.0	10.833333333333334
6.0	10.933333333333334
6.0	10.966666666666667
6.0	11.0
6.0	11.033333333333333
6.0	11.066666666666666
6.0	11.1
6.0	11.166666666666666
6.0	11.233333333333333
6.0	11.333333333333334
6.0	11.366666666666667
6.0	11.4
6.0	11.433333333333334
6.0	11.466666666666667
6.0	11.566666666666666
6.0	11.6
6.0	11.633333333333333
6.0	11.666666666666666
6.0	11.7
6.0	11.733333333333333
6.0	11.8
6.0	12.066666666666666
6.0	12.2
6.0	12.733333333333333
6.0	13.1
6.0	13.166666666666666
6.0	13.2
6.0	13.233333333333333
6.0	13.266666666666667
6.0	13.3
6.0	13.333333333333334
6.0	13.366666666666667
6.0	13.4
6.0	13.433333333333334
6.0	13.5
6.0	13.6
6.0	13.633333333333333
6.0	13.666666666666666
6.0	13.7
6.0	13.733333333333333
6.0	13.766666666666667
6.0	13.866666666666667
6.0	13.933333333333334
6.0	13.966666666666667
6.0	14.033333333333333
6.0	14.1
6.0	14.466666666666667
6.0	14.5
6.0	14.566666666666666
6.0	14.633333333333333
6.0	14.666666666666666
6.0	15.466666666666667
6.0	15.5
6.0	15.566666666666666
6.0	15.666666666666666
6.0	15.7
6.0	16.233333333333334
6.0	16.3
6.0	16.333333333333332
6.0	16.4
6.0	16.5
6.0	16.533333333333335
6.0	16.566666666666666
6.0	16.6
6.0	16.633333333333333
6.0	17.133333333333333
6.0	17.2
6.0	17.233333333333334
6.0	17.366666666666667
6.0	17.4
6.0	17.433333333333334
6.0	17.5
6.0	17.533333333333335
6.0	17.566666666666666
6.0	17.6
6.0	17.633333333333333
6.0	17.933333333333334
6.0	17.966666666666665
6.0	18.033333333333335
6.0	19.3
6.0	19.833333333333332
6.0	20.133333333333333
6.0	20.166666666666668
6.0	20.266666666666666
6.0	20.3
6.0	20.366666666666667
6.0	20.4
6.0	20.433333333333334
6.0	20.466666666666665
6.0	20.5
6.0	20.533333333333335
6.0	20.566666666666666
6.0	20.666666666666668
6.0	20.7
6.0	20.8
6.0	20.833333333333332
6.0	21.366666666666667
6.0	21.4
6.0	21.433333333333334
6.0	21.466666666666665
6.0	21.5
6.0	21.533333333333335
48.0	0.5333333333333333
48.0	0.5666666666666667
48.0	1.8333333333333333
48.0	1.8666666666666667
48.0	1.9
48.0	1.9333333333333333
48.0	1.9666666666666666
48.0	2.033333333333333
48.0	2.066666666666667
48.0	2.1
48.0	2.1333333333333333
48.0	4.3
48.0	4.566666666666666
48.0	4.6
48.0	5.266666666666667
48.0	5.3
48.0	6.033333333333333
48.0	9.733333333333333
48.0	9.766666666666667
48.0	9.8
48.0	9.833333333333334
48.0	9.866666666666667
48.0	9.9
48.0	9.933333333333334
48.0	9.966666666666667
48.0	10.0
48.0	10.033333333333333
48.0	10.066666666666666
48.0	10.166666666666666
48.0	10.2
48.0	10.233333333333333
48.0	10.266666666666667
48.0	11.833333333333334
48.0	11.866666666666667
48.0	11.933333333333334
48.0	11.966666666666667
48.0	12.0
48.0	12.133333333333333
48.0	12.166666666666666
48.0	12.2
48.0	12.233333333333333
48.0	12.3
48.0	12.5
48.0	12.533333333333333
48.0	12.666666666666666
48.0	12.766666666666667
48.0	14.6
48.0	14.633333333333333
48.0	15.9
48.0	15.933333333333334
48.0	15.966666666666667
48.0	16.0
48.0	16.066666666666666
48.0	16.1
48.0	16.133333333333333
48.0	16.166666666666668
48.0	16.2
48.0	16.666666666666668
48.0	16.7
48.0	16.733333333333334
48.0	18.333333333333332
48.0	18.366666666666667
48.0	21.833333333333332
48.0	21.866666666666667
46.0	0.23333333333333334
46.0	0.26666666666666666
46.0	0.5
46.0	0.5333333333333333
46.0	0.5666666666666667
46.0	0.6
46.0	0.9666666666666667
46.0	1.0
46.0	1.0333333333333334
46.0	2.6333333333333333
46.0	2.6666666666666665
46.0	2.9
46.0	3.1333333333333333
46.0	4.233333333333333
46.0	4.266666666666667
46.0	4.3
46.0	4.333333333333333
46.0	4.366666666666666
46.0	4.533333333333333
46.0	4.566666666666666
46.0	4.6
46.0	4.633333333333334
46.0	4.666666666666667
46.0	4.7
46.0	4.966666666666667
46.0	5.1
46.0	5.133333333333334
46.0	5.2
46.0	5.233333333333333
46.0	5.266666666666667
46.0	5.3
46.0	5.333333333333333
46.0	5.366666666666666
46.0	5.666666666666667
46.0	5.766666666666667
46.0	6.0
46.0	6.033333333333333
46.0	6.066666666666666
46.0	6.1
46.0	6.5
46.0	6.533333333333333
46.0	7.766666666666667
46.0	7.8
46.0	7.9
46.0	8.133333333333333
46.0	8.166666666666666
46.0	8.2
46.0	8.233333333333333
46.0	8.333333333333334
46.0	8.366666666666667
46.0	8.733333333333333
46.0	8.766666666666667
46.0	8.8
46.0	8.833333333333334
46.0	10.166666666666666
46.0	10.233333333333333
46.0	10.333333333333334
46.0	12.133333333333333
46.0	12.166666666666666
46.0	12.2
46.0	12.233333333333333
46.0	14.566666666666666
46.0	14.6
46.0	15.966666666666667
46.0	16.0
46.0	16.033333333333335
46.0	16.066666666666666
46.0	16.1
46.0	16.133333333333333
46.0	16.633333333333333
46.0	16.666666666666668
46.0	16.7
46.0	18.3
46.0	18.333333333333332
46.0	18.7
46.0	18.733333333333334
46.0	18.766666666666666
46.0	19.133333333333333
46.0	19.166666666666668
46.0	19.2
46.0	19.433333333333334
46.0	19.466666666666665
46.0	19.5
46.0	19.533333333333335
46.0	19.566666666666666
46.0	19.766666666666666
46.0	19.833333333333332
46.0	19.866666666666667
46.0	21.8
46.0	21.833333333333332
31.0	9.733333333333333
31.0	9.766666666666667
31.0	9.8
31.0	11.033333333333333
31.0	11.166666666666666
31.0	11.3
31.0	11.333333333333334
31.0	11.4
31.0	11.433333333333334
31.0	11.466666666666667
31.0	11.5
31.0	16.233333333333334
31.0	16.266666666666666
31.0	17.833333333333332
31.0	17.866666666666667
31.0	17.9
31.0	21.333333333333332
31.0	21.366666666666667
31.0	21.4
31.0	21.433333333333334
40.0	0.16666666666666666
40.0	0.2
40.0	4.2
40.0	4.233333333333333
40.0	4.5
40.0	5.2
40.0	5.966666666666667
40.0	13.666666666666666
40.0	13.733333333333333
40.0	13.766666666666667
40.0	13.8
40.0	13.833333333333334
40.0	13.866666666666667
40.0	13.9
40.0	13.933333333333334
40.0	13.966666666666667
40.0	14.533333333333333
40.0	18.266666666666666
40.0	18.633333333333333
74.0	1.5
74.0	1.5666666666666667
74.0	3.2
74.0	9.566666666666666
74.0	13.0
28.0	1.2333333333333334
28.0	1.9666666666666666
28.0	2.0
28.0	2.2333333333333334
28.0	3.7333333333333334
28.0	3.7666666666666666
28.0	9.633333333333333
28.0	11.766666666666667
28.0	17.066666666666666
28.0	17.833333333333332
28.0	21.266666666666666
28.0	21.3
28.0	21.333333333333332
15.0	0.3
15.0	0.3333333333333333
15.0	0.36666666666666664
15.0	0.6333333333333333
15.0	0.7666666666666667
15.0	1.3
15.0	1.8
15.0	1.9
15.0	1.9333333333333333
15.0	1.9666666666666666
15.0	2.0
15.0	2.033333333333333
15.0	4.133333333333334
15.0	5.066666666666666
15.0	5.433333333333334
15.0	5.466666666666667
15.0	5.733333333333333
15.0	6.1
15.0	7.566666666666666
15.0	9.733333333333333
15.0	10.833333333333334
15.0	10.866666666666667
15.0	10.9
15.0	12.433333333333334
15.0	12.766666666666667
15.0	13.233333333333333
15.0	13.266666666666667
15.0	13.533333333333333
26.0	0.7666666666666667
26.0	0.8
26.0	4.833333333333333
26.0	4.866666666666666
26.0	9.533333333333333
26.0	9.566666666666666
26.0	9.633333333333333
26.0	9.7
26.0	14.133333333333333
26.0	14.166666666666666
26.0	14.766666666666667
26.0	14.8
26.0	14.9
32.0	2.2
32.0	2.2333333333333334
32.0	2.3
32.0	2.3333333333333335
32.0	2.466666666666667
32.0	2.5
32.0	2.533333333333333
32.0	2.566666666666667
32.0	2.6
32.0	2.8333333333333335
32.0	3.7
32.0	3.7333333333333334
32.0	3.8
32.0	3.8333333333333335
32.0	3.8666666666666667
32.0	4.766666666666667
32.0	5.033333333333333
32.0	5.066666666666666
32.0	5.433333333333334
32.0	6.733333333333333
32.0	6.8
32.0	6.933333333333334
32.0	7.0
32.0	7.1
32.0	7.233333333333333
32.0	7.533333333333333
32.0	7.566666666666666
32.0	7.6
32.0	9.7
32.0	9.733333333333333
32.0	10.433333333333334
32.0	10.466666666666667
32.0	11.166666666666666
32.0	11.2
32.0	11.3
32.0	11.466666666666667
32.0	11.5
32.0	11.533333333333333
32.0	11.566666666666666
32.0	11.6
32.0	11.633333333333333
32.0	11.7
32.0	11.733333333333333
32.0	11.866666666666667
32.0	11.9
32.0	11.966666666666667
32.0	12.0
32.0	12.033333333333333
32.0	12.4
32.0	12.533333333333333
32.0	12.6
32.0	12.633333333333333
32.0	12.7
32.0	12.733333333333333
32.0	12.833333333333334
32.0	12.866666666666667
32.0	14.0
32.0	14.133333333333333
32.0	14.833333333333334
32.0	14.866666666666667
32.0	14.9
32.0	14.966666666666667
32.0	15.0
32.0	15.133333333333333
32.0	15.166666666666666
32.0	15.266666666666667
32.0	15.3
32.0	15.833333333333334
32.0	15.866666666666667
32.0	15.9
32.0	15.933333333333334
32.0	16.966666666666665
32.0	17.733333333333334
32.0	17.766666666666666
32.0	17.833333333333332
32.0	17.866666666666667
32.0	18.133333333333333
32.0	18.166666666666668
32.0	18.2
32.0	18.233333333333334
32.0	18.266666666666666
32.0	18.3
32.0	18.333333333333332
32.0	18.4
32.0	18.433333333333334
32.0	18.5
32.0	18.6
32.0	19.4
32.0	19.666666666666668
32.0	20.1
32.0	20.8
32.0	21.333333333333332
32.0	21.366666666666667
32.0	22.1
7.0	1.5333333333333334
7.0	1.5666666666666667
7.0	1.7666666666666666
7.0	1.8
7.0	1.9
7.0	1.9333333333333333
7.0	2.033333333333333
7.0	7.0
7.0	7.133333333333334
7.0	7.6
7.0	8.7
7.0	8.933333333333334
7.0	8.966666666666667
7.0	9.0
7.0	9.033333333333333
7.0	9.066666666666666
7.0	9.1
7.0	9.166666666666666
7.0	9.2
7.0	9.233333333333333
7.0	9.3
7.0	9.333333333333334
7.0	10.733333333333333
7.0	10.766666666666667
7.0	10.8
7.0	10.866666666666667
7.0	11.0
7.0	11.033333333333333
7.0	11.133333333333333
7.0	12.466666666666667
7.0	12.533333333333333
7.0	13.033333333333333
7.0	13.066666666666666
7.0	13.133333333333333
7.0	13.166666666666666
7.0	13.2
7.0	13.233333333333333
7.0	13.266666666666667
7.0	13.3
7.0	13.333333333333334
7.0	13.4
7.0	13.433333333333334
7.0	13.466666666666667
7.0	13.533333333333333
7.0	13.566666666666666
7.0	13.666666666666666
7.0	13.7
7.0	13.833333333333334
7.0	15.566666666666666
7.0	15.6
7.0	17.333333333333332
7.0	17.466666666666665
7.0	17.566666666666666
7.0	18.066666666666666
7.0	18.166666666666668
7.0	18.2
7.0	18.233333333333334
7.0	18.266666666666666
7.0	18.933333333333334
7.0	20.066666666666666
7.0	20.333333333333332
7.0	20.366666666666667
7.0	20.466666666666665
7.0	20.5
7.0	20.6
7.0	20.633333333333333
7.0	20.733333333333334
7.0	20.766666666666666
7.0	20.866666666666667
7.0	20.9
7.0	20.933333333333334
7.0	20.966666666666665
7.0	21.033333333333335
21.0	1.7333333333333334
21.0	1.7666666666666666
21.0	2.3333333333333335
21.0	2.3666666666666667
21.0	2.4
21.0	2.433333333333333
21.0	3.1
21.0	9.5
21.0	9.533333333333333
21.0	10.7
21.0	13.366666666666667
21.0	13.4
21.0	13.433333333333334
21.0	13.466666666666667
21.0	13.5
21.0	14.4
21.0	16.433333333333334
21.0	16.466666666666665
21.0	17.2
21.0	17.533333333333335
21.0	17.566666666666666
33.0	2.7
33.0	2.7333333333333334
33.0	2.7666666666666666
33.0	2.8
49.0	0.16666666666666666
49.0	0.2
49.0	0.23333333333333334
49.0	0.26666666666666666
49.0	0.5
49.0	0.5333333333333333
49.0	0.5666666666666667
49.0	0.6
49.0	0.6333333333333333
49.0	0.9333333333333333
49.0	4.566666666666666
49.0	5.266666666666667
49.0	6.033333333333333
49.0	6.1
49.0	6.333333333333333
49.0	6.4
49.0	7.8
49.0	8.033333333333333
49.0	8.1
49.0	8.133333333333333
49.0	8.166666666666666
49.0	10.1
49.0	10.133333333333333
49.0	10.166666666666666
49.0	10.2
49.0	14.6
49.0	14.633333333333333
49.0	16.666666666666668
49.0	16.7
49.0	16.733333333333334
49.0	18.366666666666667
49.0	18.766666666666666
49.0	19.166666666666668
49.0	19.5
49.0	19.566666666666666
49.0	21.833333333333332
55.0	0.3
55.0	0.3333333333333333
55.0	0.36666666666666664
55.0	0.5333333333333333
55.0	0.5666666666666667
55.0	0.6
55.0	0.6333333333333333
55.0	1.0
55.0	1.0333333333333334
55.0	1.0666666666666667
55.0	1.1
55.0	4.333333333333333
55.0	4.366666666666666
55.0	4.4
55.0	4.566666666666666
55.0	4.6
55.0	5.266666666666667
55.0	5.3
55.0	5.333333333333333
55.0	6.033333333333333
55.0	7.8
55.0	7.833333333333333
55.0	7.866666666666666
55.0	8.233333333333333
55.0	8.733333333333333
55.0	8.766666666666667
55.0	8.8
55.0	10.2
55.0	10.233333333333333
55.0	10.266666666666667
55.0	10.9
55.0	11.0
55.0	11.6
55.0	11.666666666666666
55.0	11.7
55.0	11.866666666666667
55.0	11.9
55.0	11.933333333333334
55.0	11.966666666666667
55.0	12.0
55.0	12.066666666666666
55.0	12.133333333333333
55.0	12.166666666666666
55.0	12.2
55.0	12.233333333333333
55.0	12.266666666666667
55.0	12.3
55.0	12.333333333333334
55.0	14.633333333333333
55.0	14.666666666666666
55.0	14.7
55.0	15.9
55.0	16.166666666666668
55.0	16.2
55.0	16.7
55.0	16.733333333333334
55.0	16.766666666666666
55.0	18.366666666666667
55.0	18.4
55.0	18.433333333333334
55.0	18.733333333333334
55.0	18.766666666666666
55.0	18.8
55.0	18.833333333333332
55.0	18.866666666666667
55.0	19.166666666666668
55.0	21.833333333333332
55.0	21.866666666666667
55.0	21.9
55.0	21.933333333333334
56.0	0.6
56.0	1.0666666666666667
56.0	1.5333333333333334
56.0	4.366666666666666
56.0	4.4
56.0	5.3
56.0	5.333333333333333
56.0	10.266666666666667
56.0	10.3
56.0	13.0
56.0	16.2
56.0	18.8
56.0	18.833333333333332
56.0	18.866666666666667
17.0	1.9
17.0	1.9333333333333333
17.0	2.033333333333333
17.0	2.066666666666667
17.0	2.1333333333333333
17.0	2.1666666666666665
17.0	2.2
17.0	2.2666666666666666
17.0	2.3
17.0	2.3333333333333335
17.0	2.433333333333333
17.0	3.533333333333333
17.0	3.566666666666667
17.0	3.6666666666666665
17.0	3.8
17.0	3.933333333333333
17.0	5.5
17.0	9.166666666666666
17.0	9.2
17.0	9.3
17.0	10.3
17.0	10.333333333333334
17.0	10.866666666666667
17.0	10.9
17.0	11.0
17.0	11.133333333333333
17.0	11.166666666666666
17.0	11.266666666666667
17.0	11.3
17.0	11.4
17.0	11.433333333333334
17.0	11.7
17.0	12.266666666666667
17.0	12.3
17.0	12.333333333333334
17.0	12.466666666666667
17.0	12.7
17.0	13.3
17.0	13.433333333333334
17.0	13.533333333333333
17.0	13.566666666666666
17.0	13.666666666666666
17.0	13.7
17.0	13.8
17.0	13.833333333333334
17.0	13.966666666666667
17.0	14.733333333333333
17.0	15.566666666666666
17.0	16.2
17.0	16.833333333333332
17.0	17.333333333333332
17.0	20.366666666666667
17.0	20.5
17.0	20.6
17.0	20.633333333333333
17.0	20.766666666666666
17.0	20.9
17.0	21.033333333333335
8.0	1.8666666666666667
8.0	1.9
8.0	1.9333333333333333
8.0	1.9666666666666666
8.0	3.6
8.0	4.0
8.0	8.933333333333334
8.0	8.966666666666667
8.0	9.0
8.0	9.033333333333333
8.0	9.066666666666666
8.0	9.1
8.0	11.066666666666666
8.0	11.1
8.0	12.5
8.0	13.366666666666667
8.0	13.4
8.0	13.433333333333334
8.0	13.466666666666667
8.0	13.5
8.0	13.566666666666666
8.0	13.6
8.0	13.633333333333333
8.0	17.466666666666665
8.0	17.633333333333333
8.0	17.666666666666668
8.0	18.933333333333334
8.0	19.066666666666666
8.0	19.5
8.0	20.0
8.0	20.6
8.0	20.633333333333333
51.0	0.5666666666666667
51.0	1.0333333333333334
51.0	1.0666666666666667
51.0	2.8
51.0	3.466666666666667
51.0	3.7333333333333334
51.0	4.0
51.0	4.033333333333333
51.0	4.333333333333333
51.0	4.366666666666666
51.0	4.6
51.0	4.633333333333334
51.0	5.3
51.0	6.033333333333333
51.0	6.066666666666666
51.0	7.833333333333333
51.0	8.2
51.0	8.233333333333333
51.0	8.8
51.0	14.2
51.0	14.233333333333333
51.0	14.266666666666667
51.0	14.3
51.0	14.333333333333334
51.0	14.633333333333333
51.0	14.666666666666666
51.0	15.3
52.0	0.5333333333333333
52.0	0.5666666666666667
52.0	1.0333333333333334
52.0	1.0666666666666667
52.0	4.6
52.0	4.633333333333334
52.0	5.1
52.0	5.266666666666667
52.0	5.3
52.0	6.066666666666666
52.0	6.766666666666667
52.0	7.033333333333333
52.0	7.133333333333334
52.0	7.266666666666667
52.0	7.566666666666666
52.0	7.6
52.0	7.833333333333333
52.0	8.2
52.0	8.766666666666667
52.0	8.8
52.0	8.833333333333334
52.0	10.2
52.0	10.233333333333333
52.0	10.266666666666667
52.0	12.166666666666666
52.0	12.2
52.0	12.633333333333333
52.0	12.666666666666666
52.0	15.0
71.0	1.2333333333333334
71.0	1.2666666666666666
71.0	15.033333333333333
71.0	15.066666666666666
71.0	15.1
71.0	17.033333333333335
71.0	17.066666666666666
71.0	17.1
23.0	0.3
23.0	1.5666666666666667
23.0	2.2
23.0	2.2333333333333334
23.0	2.2666666666666666
23.0	2.3333333333333335
23.0	3.3
23.0	6.066666666666666
23.0	6.1
23.0	9.5
23.0	9.566666666666666
23.0	10.7
23.0	10.733333333333333
23.0	10.766666666666667
23.0	12.833333333333334
23.0	12.866666666666667
23.0	12.9
23.0	13.033333333333333
23.0	13.066666666666666
23.0	15.3
23.0	15.333333333333334
23.0	15.666666666666666
23.0	15.7
23.0	15.966666666666667
23.0	16.0
23.0	16.033333333333335
23.0	17.166666666666668
23.0	17.2
23.0	19.1
23.0	19.733333333333334
23.0	20.133333333333333
62.0	1.3333333333333333
62.0	1.3666666666666667
62.0	1.6
62.0	1.6333333333333333
62.0	1.6666666666666667
62.0	1.7
62.0	2.533333333333333
62.0	2.566666666666667
62.0	3.033333333333333
62.0	4.933333333333334
62.0	4.966666666666667
62.0	5.4
62.0	5.433333333333334
62.0	5.633333333333334
62.0	6.166666666666667
62.0	6.2
62.0	7.9
62.0	7.933333333333334
62.0	8.3
62.0	8.9
62.0	10.066666666666666
62.0	10.3
62.0	10.333333333333334
62.0	10.366666666666667
62.0	10.4
62.0	10.633333333333333
62.0	12.333333333333334
62.0	12.366666666666667
62.0	14.766666666666667
62.0	14.8
62.0	16.533333333333335
62.0	16.566666666666666
62.0	16.866666666666667
62.0	16.9
62.0	16.933333333333334
62.0	18.2
62.0	18.233333333333334
62.0	18.533333333333335
62.0	18.566666666666666
62.0	18.6
62.0	22.033333333333335
62.0	22.066666666666666
57.0	4.533333333333333
57.0	4.566666666666666
57.0	10.233333333333333
57.0	10.266666666666667
57.0	10.3
57.0	12.2
57.0	12.233333333333333
57.0	12.266666666666667
57.0	14.666666666666666
57.0	14.7
57.0	15.933333333333334
57.0	15.966666666666667
57.0	16.766666666666666
57.0	16.8
57.0	16.833333333333332
57.0	18.4
57.0	18.433333333333334
57.0	18.466666666666665
57.0	21.9
57.0	21.933333333333334
58.0	0.7
58.0	1.3
58.0	2.1
58.0	2.1333333333333333
58.0	2.1666666666666665
58.0	2.2
58.0	2.2333333333333334
58.0	2.2666666666666666
58.0	2.3
58.0	2.3333333333333335
58.0	2.4
58.0	4.666666666666667
58.0	4.7
58.0	6.166666666666667
58.0	6.2
58.0	7.8
58.0	7.866666666666666
58.0	7.933333333333334
58.0	8.166666666666666
58.0	8.233333333333333
58.0	8.3
58.0	8.333333333333334
58.0	8.666666666666666
58.0	8.833333333333334
58.0	8.9
58.0	12.333333333333334
58.0	12.366666666666667
58.0	14.766666666666667
58.0	16.9
58.0	18.533333333333335
58.0	18.566666666666666
22.0	1.7333333333333334
22.0	1.7666666666666666
22.0	1.8
22.0	2.2
22.0	2.2333333333333334
22.0	2.2666666666666666
22.0	2.3
22.0	2.3333333333333335
22.0	2.3666666666666667
22.0	2.4
22.0	4.6
22.0	6.066666666666666
22.0	6.1
22.0	9.533333333333333
22.0	9.566666666666666
22.0	9.766666666666667
22.0	15.333333333333334
22.0	15.366666666666667
22.0	15.633333333333333
22.0	15.666666666666666
22.0	16.033333333333335
22.0	16.066666666666666
22.0	16.1
22.0	16.266666666666666
22.0	17.9
22.0	17.933333333333334
41.0	0.13333333333333333
41.0	0.16666666666666666
41.0	0.2
41.0	0.9333333333333333
41.0	0.9666666666666667
41.0	2.6333333333333333
41.0	4.233333333333333
41.0	4.5
41.0	5.833333333333333
41.0	5.9
41.0	10.133333333333333
41.0	12.1
41.0	12.2
41.0	14.533333333333333
41.0	16.6
41.0	18.033333333333335
41.0	18.2
41.0	18.266666666666666
41.0	19.4
41.0	19.733333333333334
41.0	19.833333333333332
41.0	20.6
41.0	20.9
41.0	20.966666666666665
41.0	21.733333333333334
41.0	21.766666666666666
39.0	0.43333333333333335
39.0	0.8666666666666667
39.0	0.9
39.0	4.466666666666667
39.0	4.5
39.0	5.166666666666667
39.0	5.933333333333334
39.0	5.966666666666667
39.0	16.566666666666666
39.0	17.066666666666666
39.0	17.1
39.0	17.766666666666666
39.0	17.8
39.0	17.833333333333332
39.0	18.2
39.0	18.233333333333334
39.0	18.266666666666666
39.0	18.3
39.0	18.9
39.0	19.133333333333333
39.0	19.366666666666667
39.0	19.733333333333334
16.0	1.9666666666666666
16.0	2.066666666666667
16.0	2.433333333333333
16.0	2.466666666666667
16.0	2.5
16.0	2.6
16.0	3.8
16.0	3.8333333333333335
16.0	9.1
16.0	9.133333333333333
16.0	9.166666666666666
16.0	9.2
16.0	11.333333333333334
16.0	13.966666666666667
16.0	14.0
16.0	14.3
16.0	14.366666666666667
16.0	15.433333333333334
16.0	15.466666666666667
16.0	16.366666666666667
16.0	19.7
16.0	19.733333333333334
16.0	20.1
75.0	6.566666666666666
65.0	0.7
65.0	0.7333333333333333
65.0	0.8666666666666667
65.0	4.733333333333333
65.0	4.766666666666667
65.0	5.0
65.0	5.033333333333333
65.0	5.433333333333334
65.0	6.2
65.0	14.833333333333334
65.0	16.9
42.0	0.13333333333333333
42.0	0.16666666666666666
42.0	0.2
42.0	0.23333333333333334
42.0	0.4666666666666667
42.0	2.433333333333333
42.0	2.6
42.0	3.566666666666667
42.0	3.6
42.0	3.7
42.0	4.233333333333333
42.0	4.5
42.0	4.533333333333333
42.0	4.566666666666666
42.0	5.233333333333333
42.0	5.266666666666667
42.0	5.366666666666666
42.0	5.7
42.0	5.966666666666667
42.0	6.0
42.0	6.933333333333334
42.0	7.766666666666667
42.0	8.1
42.0	8.133333333333333
42.0	8.666666666666666
42.0	9.733333333333333
42.0	10.066666666666666
42.0	10.133333333333333
42.0	10.166666666666666
42.0	10.2
42.0	12.1
42.0	12.133333333333333
42.0	13.766666666666667
42.0	14.4
42.0	14.533333333333333
42.0	15.333333333333334
42.0	15.566666666666666
42.0	15.766666666666667
42.0	16.066666666666666
42.0	16.433333333333334
42.0	16.466666666666665
42.0	16.5
42.0	16.6
42.0	16.633333333333333
42.0	16.666666666666668
42.0	16.7
42.0	16.733333333333334
42.0	18.3
42.0	18.333333333333332
42.0	18.366666666666667
42.0	18.7
42.0	18.766666666666666
42.0	19.066666666666666
42.0	19.133333333333333
42.0	19.4
42.0	19.433333333333334
42.0	19.466666666666665
42.0	19.766666666666666
36.0	0.13333333333333333
36.0	0.3333333333333333
36.0	0.4
36.0	0.43333333333333335
36.0	0.4666666666666667
36.0	0.7666666666666667
36.0	0.8666666666666667
36.0	0.9
36.0	2.3666666666666667
36.0	2.533333333333333
36.0	2.566666666666667
36.0	2.6
36.0	3.2333333333333334
36.0	3.6
36.0	3.7333333333333334
36.0	3.7666666666666666
36.0	4.066666666666666
36.0	4.166666666666667
36.0	4.466666666666667
36.0	5.666666666666667
36.0	5.9
36.0	9.366666666666667
36.0	9.4
36.0	14.366666666666667
36.0	14.4
36.0	16.433333333333334
36.0	16.566666666666666
36.0	17.266666666666666
36.0	17.3
36.0	17.333333333333332
36.0	17.366666666666667
36.0	17.4
36.0	18.066666666666666
36.0	18.933333333333334
36.0	19.333333333333332
36.0	20.1
24.0	2.3
24.0	2.3333333333333335
24.0	2.3666666666666667
24.0	2.4
24.0	3.3
24.0	4.8
24.0	9.566666666666666
24.0	9.6
24.0	13.1
24.0	13.133333333333333
24.0	14.133333333333333
24.0	14.166666666666666
24.0	18.066666666666666
24.0	18.1
24.0	21.566666666666666
24.0	21.6
27.0	1.9666666666666666
27.0	2.0
27.0	2.1
27.0	2.1333333333333333
27.0	2.4
27.0	2.533333333333333
27.0	3.3333333333333335
27.0	3.3666666666666667
27.0	3.466666666666667
27.0	3.5
27.0	3.6
27.0	3.7333333333333334
27.0	3.7666666666666666
27.0	9.4
27.0	9.633333333333333
27.0	10.533333333333333
27.0	13.233333333333333
27.0	13.3
27.0	13.333333333333334
27.0	13.366666666666667
27.0	13.4
27.0	13.466666666666667
27.0	13.5
27.0	13.533333333333333
27.0	13.566666666666666
27.0	13.6
27.0	13.633333333333333
27.0	13.666666666666666
27.0	13.766666666666667
27.0	13.8
27.0	14.366666666666667
27.0	14.4
27.0	15.166666666666666
27.0	15.2
27.0	15.533333333333333
27.0	15.733333333333333
27.0	16.433333333333334
27.0	16.466666666666665
27.0	17.3
27.0	17.666666666666668
27.0	18.766666666666666
27.0	19.0
27.0	19.533333333333335
27.0	19.766666666666666
27.0	19.833333333333332
27.0	19.966666666666665
27.0	20.1
70.0	1.4
70.0	1.4333333333333333
70.0	1.7
70.0	10.533333333333333
70.0	10.566666666666666
70.0	15.2
13.0	7.533333333333333
13.0	7.733333333333333
13.0	8.033333333333333
13.0	9.833333333333334
13.0	9.866666666666667
13.0	9.9
13.0	10.7
13.0	10.733333333333333
13.0	10.766666666666667
13.0	10.866666666666667
13.0	13.3
13.0	13.7
13.0	13.733333333333333
13.0	16.3
13.0	16.333333333333332
13.0	16.366666666666667
13.0	16.8
13.0	16.833333333333332
13.0	17.133333333333333
13.0	20.5
13.0	20.733333333333334
13.0	21.033333333333335
13.0	21.066666666666666
29.0	0.6333333333333333
29.0	0.7333333333333333
29.0	0.8
29.0	2.2
29.0	2.466666666666667
29.0	2.6
29.0	4.1
29.0	5.4
29.0	5.433333333333334
29.0	5.466666666666667
29.0	6.2
29.0	7.4
29.0	9.666666666666666
29.0	9.7
29.0	10.566666666666666
29.0	12.233333333333333
29.0	12.366666666666667
29.0	12.4
29.0	12.5
29.0	14.833333333333334
29.0	14.866666666666667
29.0	15.133333333333333
29.0	15.4
29.0	15.433333333333334
29.0	15.7
29.0	15.8
29.0	15.9
29.0	16.633333333333333
29.0	16.7
29.0	16.9
29.0	17.933333333333334
29.0	21.3
29.0	21.5
53.0	0.7333333333333333
53.0	0.7666666666666667
53.0	1.0
53.0	1.3666666666666667
53.0	1.7
53.0	3.066666666666667
53.0	4.266666666666667
53.0	4.3
53.0	4.6
53.0	5.3
53.0	5.333333333333333
53.0	6.033333333333333
53.0	6.066666666666666
53.0	11.333333333333334
53.0	11.366666666666667
53.0	11.4
53.0	11.433333333333334
53.0	11.466666666666667
53.0	11.5
53.0	12.166666666666666
53.0	12.2
53.0	13.033333333333333
53.0	16.133333333333333
53.0	16.166666666666668
53.0	18.3
53.0	18.433333333333334
53.0	18.5
53.0	18.533333333333335
34.0	0.26666666666666666
34.0	1.4666666666666666
34.0	1.5
34.0	3.066666666666667
34.0	3.1666666666666665
34.0	3.2666666666666666
34.0	3.8
34.0	5.2
34.0	6.733333333333333
34.0	6.766666666666667
34.0	7.566666666666666
34.0	7.733333333333333
34.0	8.033333333333333
34.0	8.066666666666666
34.0	8.633333333333333
34.0	8.666666666666666
34.0	9.733333333333333
34.0	9.766666666666667
34.0	9.8
34.0	10.166666666666666
34.0	14.133333333333333
34.0	14.166666666666666
34.0	14.2
34.0	14.533333333333333
34.0	14.6
34.0	15.1
34.0	16.233333333333334
34.0	21.366666666666667
34.0	21.4
34.0	21.766666666666666
35.0	2.1
35.0	2.1333333333333333
35.0	2.2666666666666666
35.0	2.433333333333333
35.0	2.466666666666667
35.0	2.566666666666667
35.0	3.7
35.0	4.1
35.0	9.7
35.0	9.766666666666667
35.0	9.8
35.0	11.833333333333334
35.0	11.866666666666667
35.0	11.9
35.0	16.266666666666666
35.0	16.366666666666667
35.0	16.9
35.0	17.0
35.0	17.9
59.0	0.6666666666666666
59.0	0.7
59.0	1.2333333333333334
59.0	3.7
59.0	6.233333333333333
59.0	7.9
59.0	7.933333333333334
59.0	8.1
59.0	8.166666666666666
59.0	8.266666666666667
59.0	8.3
59.0	8.333333333333334
59.0	8.733333333333333
59.0	8.8
59.0	8.866666666666667
59.0	8.9
59.0	16.866666666666667
59.0	16.9
59.0	16.933333333333334
59.0	17.733333333333334
59.0	18.533333333333335
59.0	19.533333333333335
59.0	19.566666666666666
59.0	19.6
10.0	1.8666666666666667
10.0	1.9
10.0	1.9666666666666666
10.0	2.0
10.0	2.033333333333333
10.0	2.066666666666667
10.0	2.1
10.0	2.1333333333333333
10.0	2.1666666666666665
10.0	3.3333333333333335
10.0	3.466666666666667
10.0	3.6333333333333333
10.0	3.7333333333333334
10.0	3.7666666666666666
10.0	8.966666666666667
10.0	9.033333333333333
10.0	9.1
10.0	10.8
10.0	10.833333333333334
10.0	10.933333333333334
10.0	10.966666666666667
10.0	11.1
10.0	11.366666666666667
10.0	11.5
10.0	13.233333333333333
10.0	13.366666666666667
10.0	13.5
10.0	13.633333333333333
10.0	15.5
10.0	15.533333333333333
10.0	15.733333333333333
10.0	16.433333333333334
10.0	17.233333333333334
10.0	20.2
10.0	20.4
10.0	20.433333333333334
10.0	20.466666666666665
10.0	20.566666666666666
69.0	4.8
69.0	22.1
11.0	9.0
11.0	10.833333333333334
11.0	10.866666666666667
11.0	11.0
11.0	11.1
11.0	11.133333333333333
11.0	13.133333333333333
11.0	20.333333333333332
11.0	20.566666666666666
11.0	20.6
